Website/dist/data/forestclipped.asc
ncols        360
nrows        145
xllcorner    -180.000000000000
yllcorner    -60.000000000000
cellsize     1.000000000000
NODATA_value  -9999
[rows 27 to 53 of 145, columns 183 to 243 of 360]
-9999 -9999 -9999 162.333343505859375 144.5999908447265625 141 206.499969482421875 170 148.9973602294921875 174.571502685546875 165.9200286865234375 179.4818267822265625 177.71954345703125 178.66644287109375 172.9999542236328125 163 -9999 -9999 177.250213623046875 152.8673095703125 135.002899169921875 162.999481201171875 178.919464111328125 181.35986328125 171.7607574462890625 159.9072418212890625 165.041656494140625 158.739837646484375 174.20001220703125 175.27978515625 171.358123779296875 166.1741180419921875 165.2641143798828125 163.3468475341796875 170.45281982421875 155.6000518798828125 149.651580810546875 160.9998779296875 172.6539764404296875 173.520965576171875 175.3472137451171875 181.479339599609375 160.043304443359375 181.293243408203125 148.5886383056640625 174.428558349609375 155.2997283935546875 157.181304931640625 183.3311004638671875 162.379486083984375 159.44146728515625 173.96026611328125 175.719970703125 143.321075439453125 149.0836944580078125 180.0797271728515625 167.60003662109375 172.320037841796875 140.0870513916015625 171.04290771484375 171.998779296875
-9999 -9999 -9999 -9999 -9999 77.3997650146484375 141.0927886962890625 142.002899169921875 -9999 118.5750885009765625 161.392791748046875 175.4342498779296875 149.17535400390625 112.33648681640625 -9999 -9999 -9999 110.5036163330078125 160.4015655517578125 159.26025390625 149.724090576171875 174.90472412109375 172.1206207275390625 152.56072998046875 149.6797027587890625 166.558441162109375 153.43975830078125 167.0003662109375 175.560333251953125 175.0407867431640625 170.0008697509765625 156.6669921875 176.3184356689453125 176.4792022705078125 174.82745361328125 171.7606048583984375 180.7374267578125 171.8570404052734375 164.3584136962890625 185.86932373046875 160.0435943603515625 165.88140869140625 164.59619140625 178.615447998046875 167.4129638671875 173.69989013671875 168.7148895263671875 181.9998321533203125 182.09124755859375 178.421051025390625 147.0522918701171875 186.788818359375 148.91552734375 171.159454345703125 157.281219482421875 185.43994140625 180.639678955078125 176.24017333984375 162.736724853515625 150.1617431640625 137.1439361572265625
-9999 -9999 -9999 -9999 139 113.99646759033203125 110.00830841064453125 121.99596405029296875 55.5 70.0010986328125 181.994720458984375 183 129 -9999 -9999 -9999 -9999 172.9860687255859375 140.376068115234375 160.5006561279296875 174.3748626708984375 166.7999420166015625 200.6392059326171875 151.67913818359375 153.6918792724609375 145.1205596923828125 163.8273468017578125 160.9996795654296875 160.749969482421875 176.9041290283203125 169.4791717529296875 167.5286712646484375 163.52459716796875 169.59979248046875 145.3316802978515625 165.3322906494140625 168.1666259765625 171.5604705810546875 161.6672821044921875 169.0422515869140625 144.7619171142578125 147.201171875 104.29201507568359375 122.42159271240234375 162.5430908203125 135.933624267578125 111.66513824462890625 145.1052398681640625 143.9507598876953125 125.06597137451171875 173.2267913818359375 154.1595611572265625 159.2087249755859375 168.0909271240234375 171.0807952880859375 162.28631591796875 168.48138427734375 154.001190185546875 99.22686767578125 90.6403045654296875 124.38852691650390625
-9999 -9999 -9999 -9999 -9999 -9999 48.66780853271484375 169.502105712890625 156.9998626708984375 118.33332061767578125 148.3333892822265625 -9999 171.5 163.3335113525390625 161.250732421875 152.0009613037109375 162.999969482421875 133.6673583984375 138.2230377197265625 153.1983184814453125 142.3358306884765625 166.632965087890625 174.9580078125 172.76202392578125 158.952117919921875 168.6082916259765625 153.0560150146484375 176.2490081787109375 152.7531585693359375 160.600860595703125 169.3806610107421875 175.1302490234375 172.9481658935546875 166.8015289306640625 177.6362457275390625 128.756317138671875 128.6691131591796875 130.5407867431640625 143.708831787109375 158.158599853515625 178.079803466796875 149.1676177978515625 94.50428009033203125 134.719451904296875 138.3129119873046875 178.1436309814453125 167.66754150390625 150.8663177490234375 149.1018524169921875 155.826324462890625 143.063446044921875 147.3147125244140625 154.5643768310546875 178.999053955078125 176.99957275390625 177.391357421875 165.452178955078125 134.3743133544921875 64 85 75.00017547607421875
-9999 -9999 182 51 90.270751953125 135.87646484375 135.9982147216796875 154.9982757568359375 157.09100341796875 166.064422607421875 167.532928466796875 171.84375 168.5305938720703125 137.8409271240234375 153.3343353271484375 157.0004425048828125 167.7003631591796875 151.7316436767578125 161.4101409912109375 161.8946533203125 157.3306427001953125 134.1430511474609375 162.7891998291015625 168.3747406005859375 154.00030517578125 173.080078125 150.5646209716796875 167.8466949462890625 147.681640625 166.13128662109375 172.4563446044921875 162.2816009521484375 169.000457763671875 145.234222412109375 46.81851959228515625 140.49853515625 116.249298095703125 85.845184326171875 113.42664337158203125 135.87103271484375 167.7776336669921875 80.63048553466796875 129.390625 171.118072509765625 160.6296234130859375 161.90948486328125 146.178466796875 132.000030517578125 124.00658416748046875 84.1673736572265625 32.014575958251953125 145.25067138671875 181.49957275390625 179.9327392578125 173.160980224609375 163.00286865234375 42.430782318115234375 130.835296630859375 32 -9999 128
-9999 138.2020416259765625 160.1273193359375 116.689453125 116.63491058349609375 148.2463531494140625 164.0991973876953125 156.54498291015625 123.2525482177734375 138.4426727294921875 145.2389678955078125 121.70954132080078125 174.82452392578125 133.52789306640625 157.06451416015625 134.4295806884765625 177.248138427734375 161.555145263671875 158.5334625244140625 156.8428497314453125 156.631439208984375 124.52674102783203125 164.1307373046875 162.0018768310546875 163.363433837890625 164.739105224609375 171.2866058349609375 151.4667205810546875 141.125244140625 164.1753082275390625 195.6169281005859375 149.1919708251953125 121.31439208984375 146.145355224609375 114.33423614501953125 110.8297576904296875 124.3751220703125 122.5424346923828125 131.7166595458984375 112.3541717529296875 158.573822021484375 149.3334503173828125 187.1976470947265625 164.3649444580078125 169.10882568359375 109.4017791748046875 106.3331451416015625 -9999 179 154.8009796142578125 135.6665802001953125 -9999 161.0000762939453125 179.0012359619140625 147.0002288818359375 101 129.6656036376953125 140.998077392578125 -9999 36 36
185 129.1792755126953125 130.88201904296875 165.46990966796875 149.7202911376953125 173.999359130859375 160.7210540771484375 174.5232391357421875 136.99652099609375 179.146728515625 101.4739990234375 161.1710662841796875 147.2417144775390625 181.0007476806640625 166.7163238525390625 128.089202880859375 158.5300445556640625 110.3832550048828125 146.1572113037109375 153.777252197265625 156.174530029296875 144.497100830078125 167.098602294921875 110.389678955078125 143.1589508056640625 172.5776214599609375 149.080352783203125 158.68280029296875 129.4057464599609375 110.79502105712890625 161.309600830078125 105.26566314697265625 97.5654144287109375 149.771209716796875 105.1592254638671875 154.9070281982421875 163.3296661376953125 100.5593109130859375 116.81829071044921875 71.0046234130859375 80.00144195556640625 127.49973297119140625 167.9999542236328125 85.00424957275390625 182 -9999 -9999 -9999 -9999 -9999 -9999 114 60.001834869384765625 51.012248992919921875 95.676544189453125 -9999 -9999 -9999 46.66516876220703125 36 36
161.399261474609375 174.07452392578125 179.258056640625 133.664825439453125 157.5713958740234375 184.824310302734375 171.9197235107421875 174.0437164306640625 177.1735382080078125 169.5265045166015625 158.6507415771484375 175.948455810546875 171.719024658203125 161.8170928955078125 134.570343017578125 194.073974609375 112.8984222412109375 131.670166015625 131.3178863525390625 140.9323883056640625 130.0010833740234375 163.5710906982421875 165.715850830078125 167.179931640625 182.7654266357421875 127.4236297607421875 122.90825653076171875 144.3918609619140625 141.7973175048828125 121.1753692626953125 139.391082763671875 162.177490234375 146.17938232421875 142.0765380859375 154.757537841796875 61.33858489990234375 100.29277801513671875 143.285308837890625 113.224395751953125 97.59941864013671875 140.4928436279296875 47.00064849853515625 106.5129241943359375 -9999 -9999 -9999 32 -9999 -9999 -9999 -9999 -9999 28 -9999 26 -9999 39 -9999 64 -9999 -9999
141.86181640625 173.0006103515625 159.8836517333984375 169.239410400390625 176.8383636474609375 150.6230621337890625 161.6876373291015625 174.84259033203125 169.5659332275390625 180.1534576416015625 168.0792388916015625 167.367034912109375 180.3806304931640625 122.84488677978515625 171.87432861328125 158.3814697265625 165.3554840087890625 151.816131591796875 162.5003509521484375 159.252227783203125 171.248382568359375 182.9987945556640625 163.9976959228515625 92.39958953857421875 183.000457763671875 146.23370361328125 161.3004150390625 121.71417999267578125 134.3123321533203125 80.28919219970703125 116.15258026123046875 105.71843719482421875 86.0011444091796875 153.464385986328125 164.77081298828125 98.99676513671875 133.44732666015625 103.19834136962890625 44.00093841552734375 157.9959869384765625 89.00861358642578125 38.333354949951171875 43 -9999 -9999 -9999 -9999 -9999 63.99979400634765625 41.00000762939453125 -9999 -9999 -9999 -9999 -9999 -9999 -9999 -9999 -9999 -9999 90.00038909912109375
157.995452880859375 144.077423095703125 164.3571929931640625 150.4293365478515625 162.9058074951171875 152.316162109375 141.9962615966796875 165.9033966064453125 165.763824462890625 178.8416290283203125 146.1745758056640625 163.7892303466796875 177.230499267578125 156.2792510986328125 185.9999542236328125 177.69329833984375 173.518585205078125 184.7783203125 117.00214385986328125 142.4959716796875 174.583709716796875 188.1668243408203125 169.12640380859375 198.832305908203125 175.571075439453125 156.366973876953125 158.8708953857421875 173.716766357421875 106.3571319580078125 134.28668212890625 96.452362060546875 46.399990081787109375 24.666639328002929688 100.01371002197265625 112.00397491455078125 138.330535888671875 115.0000152587890625 67.99979400634765625 64 -9999 70 110.59813690185546875 89.0001983642578125 -9999 -9999 -9999 -9999 -9999 -9999 -9999 -9999 -9999 -9999 -9999 -9999 -9999 -9999 -9999 -9999 -9999 -9999
147.8907012939453125 166.99969482421875 185.72686767578125 192.747955322265625 179.7507781982421875 154.3672637939453125 168.0465850830078125 161.050872802734375 164.403961181640625 178.84014892578125 170.9993133544921875 175.439788818359375 188.869232177734375 148.68115234375 124.458984375 172.58807373046875 152.802154541015625 82.6805572509765625 169.1858673095703125 180.7643890380859375 160.914642333984375 180.808685302734375 169.9603118896484375 185.4569244384765625 176.000091552734375 165.280914306640625 113.60367584228515625 53.000011444091796875 57.0381622314453125 74.005645751953125 65 -9999 43.666534423828125 51 51 137.333587646484375 58.337100982666015625 96.7483367919921875 134.5 -9999 -9999 140 -9999 136 136 -9999 -9999 78 141.33367919921875 -9999 -9999 -9999 -9999 -9999 -9999 -9999 -9999 -9999 -9999 -9999 -9999
144.1028900146484375 173.374847412109375 155.0863800048828125 160.500152587890625 155.0837554931640625 174.33343505859375 154.2140350341796875 152.282379150390625 155.5963592529296875 157.88201904296875 169.240814208984375 191.1992645263671875 150.002349853515625 187.7165069580078125 182.647796630859375 189.2312469482421875 145.466766357421875 100.7899932861328125 155.537384033203125 186.580108642578125 152.048095703125 199.6652374267578125 178.47186279296875 180.73681640625 166.002593994140625 124.678253173828125 104.59922027587890625 174.4996490478515625 -9999 150 -9999 -9999 45 -9999 83 104.571868896484375 92.74681854248046875 102 85 -9999 -9999 -9999 -9999 -9999 76 -9999 85 78 141.33367919921875 -9999 -9999 -9999 -9999 -9999 -9999 -9999 -9999 -9999 -9999 -9999 -9999
183.0398406982421875 169.30572509765625 146.0958709716796875 160.9994049072265625 155.5227508544921875 165.1678314208984375 140.146331787109375 160.1723785400390625 142.2042999267578125 26.046808242797851562 164.4088592529296875 197.61865234375 181.0482177734375 173.6686859130859375 200.4671478271484375 151.6359100341796875 93.20517730712890625 135.1974639892578125 149.6346893310546875 186.00030517578125 170.8785858154296875 182.52667236328125 167.8822021484375 181.62347412109375 130.99530029296875 116.48630523681640625 115.2512969970703125 179 -9999 -9999 36.000225067138671875 132.9969329833984375 129.6606903076171875 -9999 90.66571807861328125 177.772186279296875 154.465087890625 85.40013885498046875 92.00104522705078125 110 154.00286865234375 139 139 -9999 83.99884033203125 99 -9999 -9999 -9999 -9999 -9999 -9999 -9999 -9999 -9999 -9999 -9999 -9999 101 -9999 -9999
179.142333984375 166.9119110107421875 147.08502197265625 153.7416839599609375 169.2071533203125 184.2495880126953125 188.00048828125 138.79571533203125 166.285308837890625 184 32.00042724609375 120.2919158935546875 158.67425537109375 194.3585968017578125 166.0455322265625 185.740753173828125 181.2390899658203125 186.7696685791015625 183.265533447265625 173.8950042724609375 149.469757080078125 195.1435089111328125 195.9988250732421875 188.5016632080078125 136.9998779296875 166 64 -9999 -9999 -9999 179.9998016357421875 162.7764129638671875 187 -9999 102.00182342529296875 197.1340789794921875 185.762176513671875 150.9979400634765625 132.992034912109375 114.00319671630859375 112.90886688232421875 156.997161865234375 156.997161865234375 -9999 -9999 -9999 -9999 -9999 -9999 -9999 -9999 -9999 -9999 -9999 -9999 -9999 -9999 -9999 -9999 -9999 -9999
152.1465301513671875 99.21199798583984375 142.2871551513671875 118.000091552734375 116.04801177978515625 175 64.03600311279296875 117.39141082763671875 168.421630859375 139.7081756591796875 132.1921234130859375 64 55.00087738037109375 78.63051605224609375 152.8601531982421875 192.577178955078125 180.6789703369140625 155.6037139892578125 156.527191162109375 157.4207611083984375 173.902740478515625 180.400604248046875 189.2302398681640625 134.06585693359375 168.4501953125 -9999 -9999 -9999 -9999 -9999 -9999 -9999 -9999 -9999 -9999 170 189.49871826171875 175.942718505859375 161.0002899169921875 138.192291259765625 179.7433319091796875 161.6621246337890625 187.8904571533203125 157.711456298828125 150.007720947265625 -9999 -9999 -9999 -9999 -9999 -9999 -9999 -9999 -9999 -9999 -9999 -9999 -9999 -9999 -9999 -9999
126.9959259033203125 -9999 -9999 -9999 -9999 159.5021514892578125 129.7123870849609375 146 185.4510345458984375 131.2635650634765625 175.737762451171875 119.9999237060546875 -9999 77.3334197998046875 81.33348846435546875 147.00213623046875 180.5238800048828125 136.084136962890625 157.2937774658203125 156.841217041015625 176.2830657958984375 174.9339752197265625 165.6568603515625 103.63828277587890625 138.05419921875 -9999 -9999 -9999 -9999 -9999 -9999 -9999 -9999 -9999 -9999 -9999 -9999 93 152.8468017578125 168.503326416015625 173.251708984375 170.52301025390625 172.75933837890625 161.1453399658203125 130.9994354248046875 -9999 -9999 -9999 -9999 -9999 -9999 -9999 -9999 -9999 -9999 -9999 36 -9999 -9999 -9999 -9999
175 -9999 -9999 -9999 134 146.801361083984375 133.1997222900390625 -9999 204 154.2511138916015625 165.699493408203125 155.9488983154296875 165.7266387939453125 20 -9999 206 151.2051544189453125 171.72705078125 173.427398681640625 153.1091156005859375 178.7468109130859375 154.07952880859375 167.08856201171875 141.5897979736328125 167.498626708984375 150.000030517578125 179 178.199981689453125 185.2215728759765625 162.2891387939453125 149.0442047119140625 146.1226043701171875 170.23089599609375 161.4000244140625 155.39996337890625 178.33331298828125 144.199920654296875 126.3334503173828125 173.589324951171875 147.7128753662109375 153.99951171875 170.469696044921875 180.8417816162109375 134.3760528564453125 159.1937255859375 188.669219970703125 -9999 -9999 -9999 -9999 -9999 -9999 -9999 -9999 -9999 -9999 -9999 -9999 -9999 -9999 -9999
-9999 -9999 -9999 -9999 134 167.731842041015625 163.266510009765625 -9999 -9999 -9999 -9999 161.8054046630859375 170.792572021484375 153.9910736083984375 -9999 -9999 160.399505615234375 121.77506256103515625 146.7150115966796875 150.2852630615234375 157.5045318603515625 219.50006103515625 142 177.998199462890625 191.9999847412109375 161.003753662109375 151.8028411865234375 132.7195281982421875 113.8660125732421875 114.2237396240234375 131.9998321533203125 109.40009307861328125 169.4000244140625 159.3545074462890625 141.1203155517578125 185.5703277587890625 89.89959716796875 170.7075042724609375 142.1129913330078125 47 185 172.5586090087890625 161.9161224365234375 163.0024261474609375 124.607666015625 167.0000762939453125 -9999 -9999 -9999 -9999 -9999 -9999 -9999 -9999 -9999 -9999 -9999 -9999 -9999 -9999 -9999
-9999 -9999 -9999 -9999 -9999 96.50251007080078125 147.203399658203125 -9999 -9999 -9999 -9999 136 195.974945068359375 106.20789337158203125 -9999 -9999 110.004638671875 99.0089569091796875 140.1683349609375 57.461765289306640625 46.015743255615234375 -9999 75 114.629608154296875 139.5028228759765625 155.3351898193359375 128.4999542236328125 146.9884033203125 60.3333587646484375 -9999 -9999 -9999 177 176.9919586181640625 87 151 163.4000244140625 -9999 -9999 -9999 -9999 -9999 120.39933013916015625 128.3354644775390625 85.01213836669921875 62.49851226806640625 89 -9999 -9999 -9999 -9999 -9999 -9999 -9999 -9999 -9999 -9999 -9999 -9999 -9999 -9999
-9999 -9999 -9999 -9999 -9999 160 -9999 -9999 -9999 -9999 -9999 -9999 193.5000152587890625 162.99090576171875 -9999 -9999 -9999 153 83.00548553466796875 67.45423126220703125 107.19382476806640625 89 55 106.00017547607421875 181.33367919921875 83.0012969970703125 131.397735595703125 150 67.33819580078125 58 -9999 -9999 -9999 -9999 -9999 -9999 -9999 58 58 -9999 -9999 -9999 134 117.6664276123046875 85 146.659515380859375 -9999 -9999 -9999 -9999 -9999 -9999 -9999 -9999 -9999 -9999 -9999 -9999 -9999 -9999 -9999
-9999 -9999 187 190 76.0000762939453125 166.5000152587890625 190 -9999 -9999 -9999 21.000238418579101562 104.81768798828125 147.353515625 -9999 -9999 -9999 -9999 153 136.851531982421875 98.1933746337890625 32.061252593994140625 89 -9999 146.325592041015625 145.6677398681640625 82.5213165283203125 127.1086578369140625 93.71331787109375 89.36914825439453125 156.9628753662109375 -9999 -9999 114.9997711181640625 33.996673583984375 -9999 -9999 -9999 -9999 -9999 -9999 -9999 -9999 -9999 -9999 -9999 157 116.59236907958984375 109.499755859375 -9999 -9999 -9999 188 173.598846435546875 -9999 -9999 -9999 -9999 -9999 -9999 -9999 -9999
20.000074386596679688 114.3332977294921875 131.8000335693359375 159.34112548828125 119.99584197998046875 178.747650146484375 -9999 -9999 -9999 -9999 -9999 191.3332977294921875 170 -9999 -9999 -9999 -9999 -9999 143.9996795654296875 43.333263397216796875 24 -9999 -9999 -9999 76.0012664794921875 107.43517303466796875 77.85256195068359375 132.99688720703125 120.0002288818359375 151.570953369140625 -9999 -9999 157.987457275390625 124.2433929443359375 23 -9999 -9999 -9999 -9999 -9999 -9999 -9999 -9999 -9999 -9999 -9999 166.0000152587890625 129.994873046875 175.799774169921875 158.4246368408203125 161.3996124267578125 188 188 -9999 -9999 -9999 -9999 -9999 -9999 -9999 -9999
-9999 -9999 -9999 123 -9999 -9999 -9999 -9999 -9999 -9999 -9999 -9999 -9999 -9999 -9999 -9999 -9999 -9999 -9999 -9999 68 -9999 60 -9999 64 -9999 -9999 -9999 -9999 79.40357208251953125 24.999187469482421875 -9999 201 201 -9999 -9999 -9999 -9999 -9999 -9999 -9999 -9999 -9999 -9999 -9999 -9999 -9999 -9999 195 187.800018310546875 163.666473388671875 -9999 -9999 -9999 -9999 -9999 -9999 -9999 -9999 -9999 -9999
-9999 -9999 -9999 -9999 -9999 -9999 -9999 -9999 -9999 -9999 -9999 -9999 -9999 -9999 -9999 -9999 -9999 -9999 -9999 -9999 -9999 -9999 -9999 -9999 -9999 -9999 -9999 -9999 -9999 118.99971771240234375 28.333295822143554688 -9999 32.0001678466796875 61 -9999 -9999 -9999 -9999 -9999 -9999 -9999 -9999 -9999 -9999 -9999 -9999 -9999 -9999 -9999 -9999 -9999 -9999 -9999 -9999 -9999 -9999 -9999 -9999 -9999 -9999 -9999
-9999 -9999 -9999 -9999 -9999 -9999 -9999 -9999 -9999 -9999 -9999 -9999 -9999 -9999 -9999 -9999 -9999 -9999 -9999 -9999 -9999 -9999 -9999 -9999 -9999 -9999 -9999 -9999 -9999 -9999 -9999 -9999 58.799713134765625 -9999 -9999 -9999 -9999 -9999 -9999 -9999 -9999 -9999 -9999 -9999 26 26 -9999 -9999 -9999 -9999 -9999 -9999 -9999 -9999 -9999 -9999 -9999 -9999 -9999 -9999 -9999
-9999 -9999 -9999 -9999 -9999 -9999 -9999 -9999 -9999 -9999 -9999 -9999 -9999 -9999 -9999 -9999 -9999 -9999 -9999 -9999 -9999 -9999 -9999 -9999 -9999 -9999 -9999 -9999 -9999 -9999 -9999 -9999 36 -9999 -9999 -9999 -9999 -9999 -9999 -9999 -9999 -9999 -9999 -9999 26 26 -9999 -9999 -9999 -9999 -9999 -9999 -9999 -9999 -9999 -9999 -9999 -9999 -9999 -9999 -9999
-9999 -9999 -9999 -9999 -9999 -9999 -9999 -9999 -9999 -9999 -9999 -9999 -9999 -9999 -9999 -9999 -9999 -9999 -9999 -9999 -9999 -9999 -9999 -9999 -9999 -9999 36 49.548000335693359375 36.867527008056640625 -9999 -9999 167 167 -9999 -9999 -9999 -9999 -9999 -9999 -9999 -9999 -9999 -9999 -9999 90 -9999 -9999 -9999 -9999 -9999 -9999 -9999 -9999 -9999 -9999 -9999 -9999 -9999 -9999 -9999 -9999
